2345
1603
1839
2289
1893
1323
1173
1595
1753
1426
1195
1760
1139
1914
1081
1295
1554
2484
1672
1321
1408
1286
1661
1552
943
2279
1368
3131
1959
1956
2189
1662
1323
1357
1709
1284
1414
1028
1295
2300
3047
7184
1025
1368
1422
903
2550
1046
1434
1483
5413
2632
1713
1259
1890
1773
2193
3954
1617
2243
1832
1613
2041
536
1447
2123
1570
2868
1949
2301
2290
1760
1682
1798
2094
1748
1420
2766
956
260
608
2959
4302
2150
981
4794
971
901
3935
2354
901
2525
1218
2617
1577
1494
2785
1018
202
643
1277
2474
1367
1241
1992
2096
3829
348
2149
412
1573
9111
1842
3114
2625
3445
2748
1908
1178
2920
2736
2501
1826
3890
576
4808
2112
3907
5405
3832
1466
1901
3402
1732
3920
1330
1198
942
2047
970
1254
2109
1146
2455
2516
3461
1050
1994
2005
3124
1022
3423
3211
522
2071
3639
